id,happiness
8001,3.827882524547612
8002,3.151862695133025
8003,3.369626817476648
8004,4.29990036252689
8005,3.3941456751411057
8006,4.220663556815201
8007,3.9431116500704797
8008,4.457683349882871
8009,3.96424111947076
8010,2.9679489635086718
8011,3.228520409289987
8012,3.7421709569162087
8013,4.109393005175512
8014,3.592320555905529
8015,3.6301028108079527
8016,4.429543115031918
8017,3.669075137863358
8018,4.337385913283687
8019,3.834751141362633
8020,4.036367490860315
8021,4.023842660956133
8022,3.799404121566365
8023,4.02992021100921
8024,3.8795327928187624
8025,3.2868534449559186
8026,4.076313449420506
8027,4.21418726440357
8028,4.126868708086653
8029,4.149556585182271
8030,4.267734789637797
8031,3.83019656571182
8032,3.9723129276790043
8033,4.091012109822162
8034,3.477685928489471
8035,3.544170762423113
8036,4.543261361925549
8037,3.981923118110919
8038,4.0399751296636675
8039,3.509250933101342
8040,4.221314750100717
8041,4.330553328285503
8042,3.722465109427725
8043,3.9566666802997905
8044,3.7804335890779446
8045,4.3036158106368285
8046,3.9758959303497865
8047,4.086831451708459
8048,4.10991344854786
8049,3.862554983599118
8050,4.326566447343446
8051,3.8629179927914965
8052,4.128372802871567
8053,3.1595908592555535
8054,3.913849096663412
8055,4.189445416528412
8056,2.699775242895065
8057,3.810345983381051
8058,3.4968028364075323
8059,3.0318241182439216
8060,4.153419391754109
8061,3.014089367913945
8062,3.5409568448869826
8063,4.061052068595273
8064,4.063544806630549
8065,4.08169029200483
8066,4.262698191924856
8067,4.087969244909566
8068,4.045018737020097
8069,3.605150627336521
8070,3.9859637150075087
8071,3.927803193827053
8072,4.45904839134075
8073,3.823033070825355
8074,3.9049699718833275
8075,3.33521957796601
8076,3.582875951148058
8077,3.533293170566153
8078,3.8692887231494937
8079,4.534714981258927
8080,3.9261010388320083
8081,3.842685801824743
8082,3.865619668229037
8083,4.413202304930431
8084,4.317387630061922
8085,4.568854093126202
8086,4.186092782038127
8087,4.0367019241352216
8088,4.278360124974973
8089,3.627217110500674
8090,3.74061069861296
8091,4.215884366129458
8092,4.130019321196402
8093,4.140534976313206
8094,4.185702381449453
8095,4.568300060841108
8096,3.3087982438989587
8097,4.2623614917269625
8098,3.8704770970727
8099,3.4290283404742694
8100,3.86233543137084
8101,4.144058725193042
8102,4.093887946698604
8103,3.5341014586824318
8104,4.448671183709084
8105,4.042999100330776
8106,4.402859090476494
8107,4.4375463541419125
8108,4.012493414136046
8109,3.7397566887543534
8110,3.761846473957359
8111,4.290071840863889
8112,3.614366201583548
8113,3.869983908326098
8114,4.659545752585463
8115,4.025369036717739
8116,3.9892438945102793
8117,3.7035264137301542
8118,3.5722337823995587
8119,3.875092668485006
8120,4.503370679760477
8121,2.9885586907585924
8122,4.091545988816466
8123,3.532259584417711
8124,3.9881057288144377
8125,4.139624253682687
8126,4.567518704403526
8127,1.9022931019746192
8128,3.9372029663900032
8129,3.764908044986088
8130,3.8853430488720697
8131,3.7599423730414205
8132,4.054078097070346
8133,4.193690962437519
8134,4.201724699816538
8135,4.033706751149433
8136,4.451568633839739
8137,4.129830290380351
8138,3.7249696946123763
8139,3.9597413626677813
8140,3.117920073252406
8141,4.058817415645346
8142,3.7400803828517457
8143,4.512963198009866
8144,3.615077331589349
8145,3.9836369890699466
8146,2.3191350156253363
8147,4.090746470580089
8148,2.7346400247105236
8149,3.6043454556973242
8150,3.7577562774390056
8151,2.811794329450624
8152,4.022508468018226
8153,3.5099461405842374
8154,3.6219536889682042
8155,3.8006387719568497
8156,3.749589448787375
8157,3.7721033395585795
8158,3.421774166402678
8159,4.074788142003434
8160,4.137979406481257
8161,3.4400501795962444
8162,3.8402367786859606
8163,3.8200602142869307
8164,3.9239747181266047
8165,4.096907999207986
8166,4.382788045111542
8167,3.8140765718798435
8168,3.220078541487861
8169,3.2129623123951134
8170,3.9470389722993517
8171,3.930204041356365
8172,3.864180411452224
8173,3.6383459812158434
8174,3.729948725867711
8175,3.762959100472324
8176,4.253358727345447
8177,2.700000328752303
8178,4.298986814401906
8179,4.236842423136128
8180,3.276149833773472
8181,3.6979664865767625
8182,3.8526724564523334
8183,3.7316375791598806
8184,3.833711741390658
8185,3.365158968032072
8186,3.5573477794501738
8187,4.143375141327797
8188,3.792576284756328
8189,4.0184216418711465
8190,4.026505416825711
8191,3.78863040063824
8192,3.9073282347857514
8193,3.9114418454206805
8194,4.050124070143853
8195,4.512560751992025
8196,3.076447450167507
8197,3.8427967410785597
8198,4.179763252126688
8199,4.198140575325374
8200,4.8014009036015
8201,3.293518573054122
8202,4.170979159441223
8203,3.8340586158131753
8204,4.13490295159913
8205,4.155808298955814
8206,3.984959256619952
8207,3.8699614071492423
8208,3.895837389933849
8209,3.888518183760814
8210,3.6847726203396776
8211,3.662912896695548
8212,4.192436395654234
8213,4.247050728930454
8214,4.0219409086356865
8215,3.6440335584276173
8216,3.820299741386586
8217,3.520459445717145
8218,3.734066695548387
8219,3.8140788986802243
8220,4.071879583992234
8221,4.604660943836669
8222,3.6466871376492747
8223,3.122265528743521
8224,3.881371422152462
8225,4.135239193148572
8226,3.848585749391798
8227,4.43582121999314
8228,3.3225258599171155
8229,4.108509965938162
8230,3.2662841691860858
8231,3.9935845003162904
8232,3.797099846504502
8233,3.8461489723953064
8234,3.8672565417044478
8235,3.6878105478445566
8236,3.1594655032333
8237,3.556899788532809
8238,3.9046294597804754
8239,3.604638054697865
8240,3.288813988614178
8241,3.3709198236980313
8242,3.823217515244012
8243,4.396972960381789
8244,4.118557354223541
8245,3.644979794804433
8246,4.088710428747405
8247,3.9160142331071666
8248,4.081094019159759
8249,4.220798338553415
8250,3.9049625483958077
8251,4.308865275605584
8252,4.455348437721777
8253,3.819791518668314
8254,3.7800192252392626
8255,3.5765024899440525
8256,3.570925236830129
8257,3.9700397228708972
8258,2.879188630521593
8259,4.281898033302197
8260,3.937442676410057
8261,4.323471890823714
8262,3.989407902174564
8263,4.15797116863254
8264,3.9126407080173915
8265,4.1544252886833855
8266,3.421743835333799
8267,3.599483090737964
8268,3.9063169326643052
8269,3.686855286161638
8270,3.672422425131655
8271,3.075291218500744
8272,4.062422951843153
8273,3.902943524113382
8274,3.624840513040087
8275,4.140582646210454
8276,4.121528042736357
8277,4.039181147343302
8278,3.8616788533197473
8279,4.290723369980693
8280,4.244220939079798
8281,4.127012800836426
8282,4.104438258792259
8283,4.080382681906502
8284,4.17784465015214
8285,3.7815733137673235
8286,2.4451040881697295
8287,4.4066917063921816
8288,3.9296947459146305
8289,4.038702039817055
8290,4.0893167740023175
8291,4.003225510197397
8292,4.106588228482583
8293,3.6612706551804486
8294,4.475063641649454
8295,3.4217340493184936
8296,4.21225335290587
8297,3.6231853395375393
8298,4.982616966556363
8299,2.7978855053058886
8300,3.385540594615992
8301,4.002298427790701
8302,4.342804150022835
8303,3.9260760711971088
8304,4.01323775163341
8305,4.0026391405716355
8306,4.770305645042296
8307,4.1279728263510265
8308,4.535921900555444
8309,3.7034579208464993
8310,3.8548492845615243
8311,4.204574696229138
8312,4.750115465234803
8313,4.299510884755445
8314,3.2248372710231554
8315,4.21890323511694
8316,4.061088352370949
8317,3.8177977491878803
8318,4.105356492634141
8319,3.3316797385980705
8320,3.9514658086297616
8321,4.151622633729712
8322,4.263012077716579
8323,3.9352045741137602
8324,3.5653334447657232
8325,4.182936435807423
8326,4.36522312594424
8327,3.6867437844754707
8328,4.069693507308244
8329,3.2808175435131575
8330,4.309188453976163
8331,4.259181016615276
8332,3.947994630881659
8333,3.237581243451418
8334,4.12274352053931
8335,3.656267267407937
8336,4.014025479894184
8337,3.547513659398844
8338,4.167401939680428
8339,3.756488513599789
8340,3.41012833366923
8341,4.057995351637925
8342,3.9237298806747645
8343,3.1539702060608277
8344,4.043422948632911
8345,3.8568079994747517
8346,3.376091867245233
8347,3.0834048608534714
8348,3.9766813047959495
8349,4.064371432433192
8350,3.429148805744333
8351,4.009665657973801
8352,3.5268630636231557
8353,3.343138587291138
8354,4.131336109462906
8355,3.5909678499987123
8356,4.302717770348747
8357,3.803435343772249
8358,3.863992822668346
8359,3.7051081859331347
8360,3.9419846963025047
8361,3.905428666927788
8362,4.09480797596047
8363,3.648471651611136
8364,3.554839980017679
8365,3.7517741379369896
8366,3.8000290126745333
8367,4.158158707449328
8368,4.25491692758231
8369,3.515538259028857
8370,3.5447619036308837
8371,4.187753383174946
8372,3.7101779483318675
8373,2.4584123774632243
8374,3.3443853210949155
8375,4.298596831413935
8376,4.699197369676276
8377,4.128269330418764
8378,4.093402497403562
8379,4.20764050284168
8380,3.6208515890185815
8381,4.429805791304748
8382,3.9053590046573725
8383,4.275254563005418
8384,3.395301117507307
8385,3.9004715167702955
8386,4.236334419074467
8387,4.096393868368079
8388,4.043417914142155
8389,3.3479290133822297
8390,4.100146492033494
8391,3.5783141806112813
8392,3.3963799635608853
8393,4.1382420059213585
8394,4.240283215361332
8395,4.186513847473012
8396,4.002457974576647
8397,3.994534339200215
8398,3.3547696811666703
8399,4.171176264469378
8400,4.280214612346678
8401,4.87592062617702
8402,3.80846797309615
8403,4.514597868512806
8404,4.005600590430979
8405,4.565142262273258
8406,4.206122412968904
8407,3.8806628994105345
8408,4.766047035525319
8409,4.2715137866933475
8410,3.7982072246858127
8411,4.059267987346026
8412,3.503441659225949
8413,4.045301562581058
8414,4.184810648359451
8415,3.450662614204649
8416,4.097311574310088
8417,3.932546012331432
8418,4.601150006954439
8419,3.6490417106527353
8420,3.780646597639064
8421,4.024092193311489
8422,3.6088377885225906
8423,4.042080006363601
8424,3.2085917927307506
8425,3.8792932972496494
8426,4.12842142569216
8427,3.797191066591001
8428,4.491568623655788
8429,3.8655539240969823
8430,4.246673184684969
8431,4.11760237221698
8432,4.317266578061953
8433,3.968340502738215
8434,4.095768893052251
8435,3.807353176317991
8436,3.657080839401283
8437,4.0161068917811145
8438,3.976596127569634
8439,3.2156504844464493
8440,2.9761371665275504
8441,4.097692781867605
8442,3.950986293224634
8443,4.097183897708068
8444,3.833653282806728
8445,3.8870784493730794
8446,3.718202025088937
8447,3.3967014438708705
8448,3.342004446529293
8449,3.5894898057900133
8450,3.542758000473339
8451,2.9472097345682546
8452,3.0790297067264683
8453,4.090015179720745
8454,4.054597967003819
8455,3.519955194899308
8456,3.7345988161265975
8457,3.8680885115061643
8458,3.960252560438312
8459,4.392642883952523
8460,3.7613659748403045
8461,3.7532096253901472
8462,3.47334243618118
8463,4.010609061437996
8464,3.592155288623561
8465,3.6897350305317906
8466,4.715990251968065
8467,2.6931829359759774
8468,3.4231602934414815
8469,4.266448219013535
8470,3.6082246417347785
8471,3.9944566728634587
8472,4.322845339166773
8473,3.9612091080277003
8474,4.044319210448196
8475,3.708522230558055
8476,4.213251008625838
8477,4.231908836566401
8478,3.631858555722488
8479,4.120571679368145
8480,3.282000166605993
8481,4.138261648331653
8482,3.468446035557566
8483,3.527587500400754
8484,4.318993608976748
8485,3.917912303772684
8486,4.89911532529917
8487,4.088949680728718
8488,4.108262573066068
8489,4.568063559736035
8490,3.9992584789389816
8491,4.228458842301889
8492,4.229102777134666
8493,4.2362121009780225
8494,3.6613680833492364
8495,4.084707905575332
8496,4.648072527650495
8497,2.6020787247155384
8498,3.4199634070962497
8499,4.172884916518136
8500,3.5604799335776254
8501,4.086982235187352
8502,3.255748268428606
8503,4.0737127880061275
8504,3.4516869244909922
8505,2.776080947990612
8506,4.08646913857786
8507,3.9848525314905365
8508,3.4944256353687515
8509,4.576432455980796
8510,3.89454605588856
8511,3.9623031388377616
8512,4.203622208725277
8513,3.8667023946792938
8514,4.230597311631282
8515,3.609514555472835
8516,3.3951412339849916
8517,3.5722064432410083
8518,2.9142716051988202
8519,4.323006313778975
8520,4.371050769251979
8521,3.8598936035695792
8522,3.0019659688822284
8523,3.5966134462997914
8524,3.604032240528253
8525,4.046948213822038
8526,4.591043773354002
8527,3.9857845644881977
8528,3.5036567587724847
8529,3.723655369821992
8530,4.292960255634489
8531,4.243347817293042
8532,4.051850280314151
8533,3.8318593110282504
8534,4.172157065832949
8535,4.081998447986096
8536,3.549965502746154
8537,3.595496907912755
8538,3.8068140974384668
8539,4.0707922741443845
8540,4.210473414976325
8541,4.0088586078952355
8542,3.498224577771632
8543,3.415644486835511
8544,3.989851321071246
8545,3.993613004209839
8546,3.9903258131129835
8547,3.8928411224959603
8548,4.26994060703268
8549,3.2155782554961214
8550,3.805672117052683
8551,4.074781718539151
8552,4.318767419801888
8553,4.391766412720862
8554,3.776786158237883
8555,4.592386529540136
8556,3.9966189309759415
8557,4.004222683624165
8558,3.815202797963918
8559,3.824149222450861
8560,3.280773283642368
8561,4.0058337521102105
8562,4.389012139408642
8563,3.6379538681309107
8564,4.074395701605044
8565,4.15123839565537
8566,4.193803340356727
8567,4.3092168270487194
8568,3.484104918773765
8569,2.379471553799101
8570,4.12114608678015
8571,4.129825826698301
8572,3.204042841073811
8573,1.7344378632176436
8574,3.798244971916928
8575,4.072486420753953
8576,3.6348281000905494
8577,3.8585211411971834
8578,3.8153353479209144
8579,4.192673541024868
8580,4.335363586371047
8581,4.083768872795717
8582,3.734644857813904
8583,4.416605439279546
8584,3.881883401607471
8585,3.9673626798130286
8586,4.3223905920641466
8587,3.709559383868221
8588,4.595242254541128
8589,4.464956885772511
8590,4.101991358698926
8591,4.207540467015426
8592,3.9692989410740154
8593,3.938396638985951
8594,3.8174333376622918
8595,2.7930055842072714
8596,4.23713979279701
8597,3.8754466519277373
8598,3.7535913662141227
8599,3.7262137121669743
8600,3.5893810461654296
8601,3.1027277173813377
8602,3.043344433803733
8603,3.659600851506653
8604,3.570954772879062
8605,3.509499544599033
8606,4.01683268603544
8607,3.8675424231686155
8608,3.9294339522277366
8609,4.420194267267395
8610,3.299490238432591
8611,4.498736097484868
8612,3.7358808180563927
8613,3.8188298887234353
8614,3.8484414521088137
8615,4.444820524526116
8616,4.550437947912804
8617,3.842812584604365
8618,3.6908436789850874
8619,4.241669027758848
8620,4.30988595299925
8621,2.3946665179965883
8622,4.242091517833283
8623,4.574998921245862
8624,3.2463255420192425
8625,2.7340259716944444
8626,4.201610021172134
8627,4.219628836328503
8628,4.132276814426703
8629,3.91872483751088
8630,4.181787197497073
8631,3.798832716922591
8632,3.1302060107948115
8633,3.672710271818087
8634,3.6612091376340783
8635,3.1316113972285016
8636,3.532480887230163
8637,3.5587139729813333
8638,4.150348034601109
8639,3.3035070286594492
8640,3.191690245687056
8641,4.384267476846168
8642,3.1294328470646504
8643,3.832580432540432
8644,4.32212225341437
8645,3.22965821948325
8646,3.6314948028008285
8647,3.507127540973984
8648,4.151023908639686
8649,4.458066041008763
8650,3.419364960801497
8651,4.172835031777029
8652,2.9797968215182777
8653,4.0162677288416
8654,4.367802028554872
8655,3.393667701745272
8656,3.891974929777222
8657,4.328003278696123
8658,2.7340335423429143
8659,3.0846580603497813
8660,4.18943985906376
8661,4.084831395819456
8662,4.16568029216889
8663,4.480044682316962
8664,3.3323646922347074
8665,4.011534149110073
8666,4.027734543564549
8667,4.322716105097379
8668,3.892686841604361
8669,3.8040929868665683
8670,3.865067605378016
8671,3.3299016720944308
8672,4.006017449452636
8673,3.2876081632413814
8674,4.5356165298360835
8675,3.2949997943884277
8676,4.291020358344049
8677,3.8411178195508597
8678,3.940005055599349
8679,3.7881054843001682
8680,2.970773117839705
8681,3.549178466242062
8682,3.9184690759878973
8683,3.810996985929181
8684,4.32070154476639
8685,3.801798873769385
8686,4.095757452303609
8687,4.128418995560248
8688,4.2585607105215955
8689,4.172473386064021
8690,4.0764138052734245
8691,4.084657993218133
8692,4.249503925089146
8693,3.905023197057743
8694,2.9339002126333704
8695,3.913585540078104
8696,3.9899066909396357
8697,4.078010337488946
8698,3.940021645941758
8699,3.8459580581586734
8700,4.276746820494709
8701,4.313856958206199
8702,3.966892068943204
8703,4.211129653044841
8704,3.855945136944632
8705,3.464573611627055
8706,3.444456917972856
8707,3.93299911847444
8708,4.204993731418496
8709,3.444332860617537
8710,4.04303824709364
8711,3.5668739507661478
8712,4.197858957652445
8713,4.30483760999147
8714,3.5892561675332604
8715,4.6457192178642215
8716,3.8317386305154
8717,4.266053842794723
8718,3.675787413973952
8719,4.101256125739105
8720,3.708213936239144
8721,3.425628166279301
8722,3.8689590245738095
8723,3.533234835176805
8724,4.218639407146079
8725,2.8053623904254046
8726,3.7769489869110378
8727,3.901604035323547
8728,3.531029310383259
8729,4.416706151104672
8730,3.173881330690861
8731,4.025049118562465
8732,4.104099150679364
8733,3.937079845523238
8734,3.609215822260349
8735,3.8918742657551513
8736,3.4421538948178116
8737,4.327051100884589
8738,4.229606542308653
8739,4.29143246214971
8740,3.7268190501443925
8741,3.7756903191341706
8742,3.7766816467476167
8743,3.8908561715459613
8744,3.435761566425594
8745,3.917608916156683
8746,4.0784123686176015
8747,4.076933645943996
8748,4.9892091300139105
8749,4.1106747892816395
8750,4.164949429605664
8751,4.204065257080484
8752,3.4588706228595267
8753,4.11336662784852
8754,3.5386837480253033
8755,4.09906000287999
8756,2.784397621075623
8757,4.2675887274533215
8758,3.9786580664488107
8759,4.2637965336382715
8760,3.5640720205442595
8761,3.718520508918644
8762,2.1458975780463114
8763,3.987039752050697
8764,3.8287696620955
8765,3.8945160047946246
8766,4.2165689953695065
8767,3.811879856793521
8768,3.7919856300926664
8769,3.8651566371344876
8770,3.9743882721682042
8771,4.4122744310849535
8772,4.045214705260654
8773,4.170625328217234
8774,3.9817358256322506
8775,3.8134808519397283
8776,4.124623821827435
8777,4.092948863820985
8778,3.6494851921197853
8779,3.398089162810051
8780,3.6632817762651126
8781,3.092909607419086
8782,4.417832778938039
8783,4.449904965944376
8784,4.134168102299746
8785,4.138304095189516
8786,3.9162923155332425
8787,3.3353878810134954
8788,3.796316062860296
8789,3.8016218741493746
8790,3.9006271025520736
8791,2.987178018965382
8792,3.958354382877691
8793,3.9620508135360653
8794,4.340563811571465
8795,4.236434848956325
8796,4.53476833440426
8797,3.15182779337063
8798,3.959145250698938
8799,4.271752508723087
8800,3.756264550069485
8801,3.787888667457867
8802,3.5788616579852115
8803,3.9126487091876023
8804,4.098474541736121
8805,3.570337057076035
8806,3.7970358630117462
8807,4.006116505875716
8808,4.8377780138960995
8809,3.773322710522278
8810,4.4905555849300605
8811,2.5862190407628125
8812,4.025583547613028
8813,4.832190375199814
8814,3.819364699929101
8815,4.464400843421738
8816,3.446374206372792
8817,3.543956644137777
8818,3.8834476935128968
8819,3.7115373216786463
8820,2.636073852421213
8821,4.0808058031021
8822,3.4618513456927857
8823,4.250622111513256
8824,3.8781035367697325
8825,3.5211476926129563
8826,3.681350348456282
8827,3.9150102369184587
8828,3.7855858522765664
8829,3.068599900234236
8830,3.272620067210281
8831,4.683422824805908
8832,3.710372100233285
8833,4.3257631727160835
8834,3.7845873910296817
8835,3.766599414378247
8836,3.5054314164030065
8837,3.892689743647209
8838,3.926653872721096
8839,3.713706114605753
8840,4.16353054449706
8841,4.225279521578352
8842,4.47170616883574
8843,4.123541624631943
8844,3.8058937119273453
8845,4.385057964647032
8846,4.167558102927159
8847,3.1694439892256945
8848,3.6284862570542256
8849,2.848612134884318
8850,2.5840150624129117
8851,4.105807640485185
8852,3.442179577516688
8853,4.024743056566823
8854,3.924787519861031
8855,3.4832913670865415
8856,3.9324334431713326
8857,3.9845780894965324
8858,3.2352872392176644
8859,3.293078567201899
8860,3.9464806171591356
8861,3.3778321159934936
8862,3.503213904425938
8863,4.159234439962286
8864,3.925830672615547
8865,4.092781258527111
8866,4.113807911947763
8867,3.997841890468788
8868,4.219239188696856
8869,3.643680218871502
8870,4.045585462625141
8871,3.6579105867073465
8872,4.147591827701844
8873,3.286661890095035
8874,2.986683531594092
8875,3.5844650789360606
8876,3.4156665735064133
8877,4.5002491541851875
8878,4.2293233419381115
8879,3.982930482420148
8880,4.11671688229194
8881,4.082146696805007
8882,3.4326316640354464
8883,3.5857482227026733
8884,3.581923877011606
8885,3.8553177259701212
8886,3.0948328381793506
8887,3.531237045781968
8888,4.746803650530506
8889,3.3144973007241583
8890,4.2171605185118155
8891,4.117805702706297
8892,3.6289450321610457
8893,3.9652252103304177
8894,3.958793997880289
8895,4.879302610877473
8896,4.262738031106584
8897,4.129199055085951
8898,3.58364451720882
8899,4.574651524718599
8900,3.799252312534506
8901,4.119007021411214
8902,3.4105439847350474
8903,3.8587769867010127
8904,4.021531440202602
8905,3.63712409852401
8906,3.1919750557732134
8907,4.1408817633351385
8908,3.1542193772940528
8909,4.024628914637163
8910,4.212408417632788
8911,4.244356007499321
8912,4.774797342952926
8913,4.2090490553181885
8914,4.379594907269414
8915,4.136360109651893
8916,3.723271718203513
8917,3.149153916167927
8918,4.430506666310442
8919,4.288101043666637
8920,3.467745336935559
8921,3.3379147048222095
8922,4.074604717814558
8923,3.952515572033679
8924,3.938012141623156
8925,3.6380471090591335
8926,4.189058261369513
8927,4.2567905335756455
8928,3.1778992884201305
8929,4.243328337433407
8930,4.854359736694511
8931,3.4829947973723283
8932,4.107005106501602
8933,2.9250328455976855
8934,4.128488372639552
8935,3.632418290583629
8936,3.7715511508770803
8937,3.250768478537003
8938,3.8040470618731823
8939,4.061136396224742
8940,3.8835032286826685
8941,3.721217262785368
8942,4.217937139860904
8943,3.564898972035334
8944,3.6167000000661864
8945,4.04178771907991
8946,4.138620684988204
8947,3.483023307928853
8948,4.105009775027082
8949,3.7817819013557608
8950,3.8241601561239995
8951,2.8852757611581015
8952,4.29526796418958
8953,3.68151860264687
8954,3.8630174476919072
8955,3.566074382662903
8956,3.58089523033003
8957,4.171122106357654
8958,4.119061431383973
8959,4.057465875567254
8960,4.209613202531757
8961,3.696204294563229
8962,4.12660357663905
8963,3.773779728116029
8964,4.148052510359331
8965,4.235654657572983
8966,4.082162331218163
8967,4.183756074432197
8968,3.7572880710006906
8969,4.489719423508165
8970,3.7974100791171495
8971,3.957802978691735
8972,3.134368159412914
8973,3.317943936282735
8974,4.134612366277582
8975,3.9006811578405234
8976,4.104651158642633
8977,4.194762343901397
8978,3.789942701817779
8979,4.424948547967948
8980,3.3406955973863717
8981,4.304463239805321
8982,3.132902412721915
8983,4.205628141523717
8984,3.962126688156656
8985,4.014397007754068
8986,4.259436825711902
8987,3.7732328445156598
8988,4.28746903469747
8989,4.305940118194521
8990,3.592188362729859
8991,4.2435513721291995
8992,4.199545855676178
8993,3.1797678283101156
8994,3.8777206655577583
8995,4.262791663771094
8996,3.7001380911242543
8997,3.6208940272646895
8998,3.778481150919736
8999,4.042939452862231
9000,3.961672866116712
9001,4.045920031349591
9002,4.317910229489958
9003,4.034444248741587
9004,2.8694457092363437
9005,4.203599957783525
9006,4.393970292022821
9007,3.5348573247118815
9008,3.781188267142468
9009,3.6634971081013226
9010,4.2813952942010465
9011,3.9748821446983076
9012,3.9947280457602745
9013,3.6892676256523624
9014,3.6540532205140743
9015,3.6762114494994034
9016,4.407426544268483
9017,4.19434970567368
9018,3.9449863454481893
9019,3.849676150974498
9020,3.9399683599212683
9021,4.168192951291368
9022,4.45039935377835
9023,2.937967933354873
9024,3.8962794358207815
9025,3.4804972812596255
9026,4.382003304577344
9027,3.642419282661591
9028,3.91899522799118
9029,3.335604609250337
9030,3.8422088086604673
9031,4.122364660287535
9032,4.458075560619412
9033,3.2785236517955627
9034,4.325540033470612
9035,4.153633693812391
9036,3.3373347015569927
9037,4.330611778622595
9038,4.047959235011732
9039,2.3181081547456834
9040,3.6948614090492136
9041,3.8799062925545638
9042,3.6522737277701407
9043,3.9392375325913243
9044,3.9546335306913805
9045,3.7396039692956227
9046,3.2505129553426646
9047,2.2623578329190943
9048,4.39332216394848
9049,4.127384842614366
9050,4.268458605273175
9051,3.7948751592278214
9052,3.8244804332518414
9053,3.8587368184405317
9054,2.943287833416374
9055,3.8364933889713
9056,3.683920586303884
9057,4.393128939163991
9058,4.085240626709214
9059,3.906031923841425
9060,4.078034842505329
9061,3.9232629791092375
9062,3.403416123955632
9063,3.810795544369892
9064,4.019760176244739
9065,3.976389187904029
9066,3.28795041850003
9067,3.7232729163289933
9068,3.8037753677411295
9069,3.5086567408055913
9070,4.184928322031631
9071,3.4679998858249266
9072,4.077267373773242
9073,4.2771750232923935
9074,3.5367304705004106
9075,3.1312200565759345
9076,3.685015524953719
9077,4.29971331247953
9078,3.490393391998332
9079,4.172545845219872
9080,3.6531401955832323
9081,4.237906260853415
9082,3.588291531913938
9083,4.081544229539321
9084,4.090146681533876
9085,4.313645496219039
9086,3.814955137876351
9087,4.641900004045813
9088,3.4815540937272136
9089,4.319512444412173
9090,3.6454823612874923
9091,3.006164305231311
9092,3.882936284044501
9093,3.5425628428004132
9094,3.7769108682672563
9095,4.1212237512020105
9096,4.1761235432949375
9097,3.4300513200202603
9098,3.6255273641165116
9099,3.288751082383562
9100,4.2670285902011384
9101,4.246723530335724
9102,4.263965531514027
9103,4.054217702576112
9104,3.5944276272537756
9105,3.505155578658448
9106,3.6234091874296954
9107,4.0308757230865035
9108,4.409307461520022
9109,4.337253908774188
9110,3.8019424635117987
9111,4.4224511640778665
9112,3.8513810325064894
9113,4.0742505779586375
9114,3.9626048059728376
9115,3.6598687589173786
9116,3.9712151363205823
9117,4.224338345959862
9118,4.195177120612413
9119,4.240156484823001
9120,4.006135833009321
9121,3.7578085417599545
9122,4.061061659430149
9123,3.766784730360253
9124,3.653063749816672
9125,3.8620836931262414
9126,3.415611770585059
9127,4.230619378716192
9128,3.9882564277630337
9129,3.380092369240639
9130,2.853193373961117
9131,4.141371215821694
9132,3.758553454849641
9133,3.7212528116788595
9134,4.051630061063723
9135,4.042600289866802
9136,4.1396690539639565
9137,3.65356600305669
9138,3.892165152552963
9139,3.3373687367350366
9140,5.155774244500368
9141,3.761811038698333
9142,4.21981005611293
9143,3.1339649547979374
9144,4.047425058581175
9145,3.9720856679586
9146,4.079011159510151
9147,2.3931003284066747
9148,3.3855999261931413
9149,4.253031131554702
9150,3.9946145641853885
9151,4.289419228171509
9152,4.151870425511575
9153,4.530274465640694
9154,4.191818256394551
9155,4.161106331571936
9156,4.2351377142405955
9157,3.871952313832876
9158,3.4231287365257734
9159,3.9233115758791826
9160,2.3232407346581834
9161,3.387221979977504
9162,3.903170429447306
9163,4.1837092666804025
9164,4.074584142024506
9165,4.048136857369094
9166,3.8775300468079394
9167,3.8015703909742036
9168,4.185506625991216
9169,4.015839739151321
9170,3.989367469616766
9171,3.219170953101162
9172,4.326554630743629
9173,4.264727373482766
9174,3.8136171905676783
9175,4.4209557314337244
9176,3.768699372264219
9177,4.253396424690732
9178,3.5265533129698725
9179,3.7931156266121704
9180,3.7141604782722273
9181,4.16898640780536
9182,2.3488713980408247
9183,4.243202362326948
9184,3.4695156216743697
9185,3.4797502781421294
9186,3.930657371411511
9187,3.9648188091949463
9188,3.489947050179047
9189,4.190040409131514
9190,2.033093173326161
9191,4.253832742648213
9192,4.089980937183768
9193,4.335626252472118
9194,3.9945037638837007
9195,4.106148981715248
9196,3.8602592972968517
9197,4.198208329165868
9198,4.002109821981295
9199,4.4775213343005165
9200,3.5444387345024935
9201,3.6338557521146444
9202,3.601974981594175
9203,3.911049381048945
9204,4.170764988924131
9205,3.9933254138340666
9206,4.3457330488518835
9207,3.5095560683269085
9208,4.045414836738747
9209,3.89682607193399
9210,4.623829542264671
9211,3.182148121116948
9212,4.097148663314553
9213,3.7910133831202404
9214,4.1497271691559945
9215,4.2820428794772605
9216,4.120381229129553
9217,3.6772128664770367
9218,3.9489413692251674
9219,4.2485859650945095
9220,3.9461895612804927
9221,4.081246292120844
9222,3.3044512945899522
9223,3.8883545176935836
9224,3.1772282638066933
9225,3.605439800171982
9226,4.1005236022266764
9227,2.3503781101018615
9228,3.3196964653866794
9229,3.4488708646516835
9230,4.037510503835109
9231,3.6276490700812487
9232,3.9354198163265637
9233,4.330294708932118
9234,4.244502602252372
9235,2.7036359924892204
9236,4.130929370001691
9237,3.899661579684403
9238,3.8690774902269562
9239,3.7606232846050216
9240,4.006290411998813
9241,4.686639419005634
9242,3.9617424326623336
9243,4.520883984317758
9244,3.5325162880666654
9245,3.5296709253800294
9246,4.22189605445922
9247,3.9067611600953174
9248,4.659949033926941
9249,4.0589193340794365
9250,4.176793026431992
9251,3.206753477053837
9252,4.829791722575241
9253,3.3560122180368914
9254,3.6931046684793554
9255,4.296057640946226
9256,3.9539979318799894
9257,4.15928247834648
9258,3.713490863508671
9259,3.938049027548851
9260,3.99947600655592
9261,4.208057895748703
9262,3.785388149415631
9263,3.3827408146338627
9264,3.515507384612294
9265,4.188515217384784
9266,3.724750702823498
9267,3.7147648111314324
9268,4.309301013406808
9269,3.924876676607544
9270,4.717276832857601
9271,4.5042126772128706
9272,4.284027642542413
9273,3.4947592048579934
9274,2.4967276258925586
9275,4.372519837676204
9276,4.2067966986065795
9277,3.830826553976141
9278,3.3396754143162375
9279,4.1761436603766855
9280,3.106358028811971
9281,4.127646449138459
9282,4.178472605897959
9283,3.6552295159638017
9284,4.337704458724054
9285,3.665484222804581
9286,3.7937483665957763
9287,4.245413891724241
9288,2.5857947528426575
9289,3.677859377012977
9290,3.5224235294342052
9291,4.348196416864911
9292,3.3274145940046007
9293,3.427147105545903
9294,3.918950292659033
9295,2.6926162870531383
9296,4.534874631441504
9297,4.103700628909153
9298,3.320785973334555
9299,3.158828170640755
9300,3.7557952358495412
9301,4.243272692195041
9302,4.272874641438002
9303,4.600722287097178
9304,3.129389831413906
9305,3.9318866969740256
9306,3.9563950926417264
9307,3.874613883208617
9308,4.297085115845828
9309,4.1118697769709
9310,3.0435619788195716
9311,4.504561150198066
9312,2.9728374250273597
9313,4.44581456365414
9314,3.7599177540174544
9315,3.254611869449152
9316,4.112190086595866
9317,3.852897869595873
9318,3.532214921946599
9319,4.106972032925764
9320,3.689200786100379
9321,4.006124844673145
9322,3.982697566190753
9323,3.74448741151625
9324,3.231639396426507
9325,3.2963020483001944
9326,3.749332151546014
9327,4.751201061080271
9328,3.0279838965584354
9329,3.8799650329432196
9330,3.615008822207942
9331,3.8113471068121334
9332,4.317809779037898
9333,3.984174724829664
9334,3.6462442020398895
9335,3.8456968235455427
9336,3.736838010835026
9337,4.186520871397033
9338,4.199406684504863
9339,4.067792409950909
9340,4.076944370648127
9341,2.7560095167307286
9342,3.9406469178466526
9343,3.5969581512783377
9344,3.834449839280603
9345,3.3783241415442933
9346,3.8102589243310203
9347,3.4963835331837245
9348,3.5650419851541835
9349,3.7102225115942655
9350,3.3745451597692466
9351,3.986541564639674
9352,3.985226334042426
9353,3.2219562101885386
9354,3.932300712483844
9355,4.289750593678551
9356,3.8309684615386423
9357,4.317147076299583
9358,3.979900403714448
9359,3.532122042267053
9360,2.5064548489824405
9361,3.9486676910239304
9362,4.14164949067333
9363,3.996937419342123
9364,3.2654048117867327
9365,3.1944966012838805
9366,4.32539456618833
9367,4.1721189450867975
9368,4.724446597908563
9369,4.038239071173628
9370,4.4882366903456505
9371,3.8434362794191568
9372,4.1254349700272614
9373,3.963529221460245
9374,3.512585367602192
9375,4.104983458251358
9376,3.4697292365579915
9377,3.886529278777038
9378,3.814313828117951
9379,4.4602515320250395
9380,3.87507102168752
9381,4.085002276212717
9382,4.304779927598841
9383,3.4712071837248004
9384,4.0561832569194065
9385,3.731971877471736
9386,4.51459983862258
9387,4.342494966409148
9388,4.307005192492007
9389,4.346121142215481
9390,4.035281584152826
9391,2.7591269184432883
9392,3.639665984194091
9393,4.28699007468861
9394,4.211719220161868
9395,3.5324515891262194
9396,3.658917874406337
9397,4.27341247568002
9398,3.5161460027597653
9399,3.3619711657071747
9400,4.031914193309343
9401,3.7609597790214497
9402,3.7548460272763395
9403,4.401664685922403
9404,3.7631539184318314
9405,4.223232099639584
9406,3.9680720722459184
9407,2.9570923886171983
9408,4.351457184391307
9409,4.072650018198398
9410,4.047781746331506
9411,4.163266252572119
9412,3.0822221478233973
9413,4.228822670377845
9414,4.085374334148845
9415,3.6323303507091045
9416,3.5988170124730843
9417,3.6740718203062244
9418,4.235538231243477
9419,3.491172392993714
9420,4.121585260099327
9421,4.463404003950237
9422,3.847922729973473
9423,3.4035421723603867
9424,3.2370905030701187
9425,3.767840005871206
9426,3.557324954679603
9427,3.9642885998848123
9428,3.930879224413594
9429,3.0433318658159902
9430,3.1817219189704224
9431,3.3739338134031
9432,3.807262818156722
9433,3.723775406272497
9434,3.226774227556638
9435,3.4531280264483577
9436,3.762488971561
9437,3.6227313083338966
9438,3.6287722013423154
9439,3.9663895419449893
9440,3.0067694625041663
9441,4.163842427725226
9442,3.6036841706283504
9443,4.2727651397432735
9444,4.092338596913171
9445,4.273159338692859
9446,4.649678957047955
9447,3.751383540018215
9448,4.053661608822371
9449,4.1881925169801155
9450,3.265231416335633
9451,4.326428264854887
9452,4.423718087595084
9453,4.0469816322413825
9454,3.8950481053132076
9455,3.707635330254419
9456,3.7858572044837033
9457,4.5808588373400445
9458,3.810316016261361
9459,3.9121371609973337
9460,4.013600883807936
9461,3.1984552698949185
9462,3.98231320663637
9463,3.7810372515273776
9464,3.786301077324833
9465,4.128044136832233
9466,3.21121165563579
9467,3.949374296307417
9468,3.9818301408777814
9469,3.977451228696621
9470,3.835899347622732
9471,3.2428232006833806
9472,4.024897028468065
9473,3.4124223865044123
9474,4.26561733562214
9475,3.5665461140873553
9476,4.277184614655424
9477,4.817718534637085
9478,2.9984699140124165
9479,4.030289692298953
9480,4.244424456729834
9481,2.4216650670439055
9482,4.287103616867689
9483,3.9347903684999106
9484,4.690706298228817
9485,3.6365459574012475
9486,4.154237030643732
9487,3.1284293890930996
9488,4.24386298536864
9489,3.87743778524525
9490,4.273848073529464
9491,4.049562595742541
9492,3.855291955283784
9493,3.793303839272769
9494,2.5840880029640783
9495,4.399543566031383
9496,3.5678969631004045
9497,3.826441786458581
9498,4.215892521648194
9499,2.5813495670205584
9500,3.8173222948622674
9501,3.8609138943567616
9502,4.411627929260624
9503,3.8047545239100677
9504,3.9315422424712327
9505,4.324119903460692
9506,3.856626940204123
9507,3.604775774443478
9508,3.778256274251975
9509,3.4407222008120777
9510,3.905856487130945
9511,3.8293008615348896
9512,4.073848837457629
9513,3.7071663631477834
9514,3.6857207877171656
9515,3.941809582662319
9516,4.3295825348989645
9517,2.9065511806596476
9518,3.9786437917827953
9519,4.002478554847411
9520,4.005523612370999
9521,4.020103400190716
9522,3.604459684537961
9523,3.6915611498120664
9524,3.726756352933453
9525,2.8926134944615214
9526,3.644046237212285
9527,3.3305499536173424
9528,3.1382896640401903
9529,3.7774163303724264
9530,4.256630916582201
9531,4.308814143072752
9532,2.8445500382795763
9533,3.1831057598722694
9534,2.8570037210467234
9535,2.8979452515930775
9536,4.19379245342285
9537,3.753466359248096
9538,3.9346092963389894
9539,3.5489987741134397
9540,3.0395806464636763
9541,3.372558390672468
9542,4.202557331003097
9543,3.475566581546611
9544,3.2873882004263013
9545,4.120486173045159
9546,3.9027058565671786
9547,3.473845443900782
9548,4.042164182682403
9549,3.2082131223670856
9550,4.433990438091724
9551,3.4510495415968
9552,3.8362284826143167
9553,4.429074398688848
9554,3.9275306771246936
9555,4.013147522166352
9556,3.455956662667555
9557,2.4213958312797246
9558,3.7800722066288155
9559,4.114189122071502
9560,3.7808898215446227
9561,4.32128990024076
9562,4.323112975043753
9563,4.130664431742996
9564,3.4345854414292365
9565,4.350907255410287
9566,4.231761595287893
9567,3.4947650878373033
9568,4.223708393651131
9569,4.251953343246784
9570,4.045073518189454
9571,4.0146589332265705
9572,4.083682493703959
9573,3.6565087607911653
9574,3.7685733153940397
9575,4.199152754774961
9576,4.116220970622531
9577,4.3181865833256134
9578,3.9424202783988473
9579,4.151993604113127
9580,4.305352183610395
9581,4.347925719044766
9582,3.355629100296298
9583,4.143713663048029
9584,3.1954804859925883
9585,4.210752406900064
9586,3.528833983174667
9587,3.6861539085652364
9588,3.483120870494119
9589,4.416995667872388
9590,4.5413717029242475
9591,3.4292258505216666
9592,3.564159571758777
9593,4.038161530967385
9594,4.030750084313073
9595,4.020344977640204
9596,3.8195529377979636
9597,3.966725948512425
9598,4.065962084466512
9599,2.6658229235357602
9600,4.466064855164916
9601,4.268239347374133
9602,4.0475339058523785
9603,4.40144185556133
9604,3.4998449652093897
9605,3.7990011846939002
9606,4.334952218651439
9607,3.9464225183796677
9608,3.423584221259604
9609,4.051791351099136
9610,3.7030441742071987
9611,3.6442012467060585
9612,3.718179711323162
9613,4.3527195887579175
9614,4.071030925064756
9615,4.167518075565898
9616,4.049550639322063
9617,3.8462894572647834
9618,3.918605128880609
9619,3.7377450732881723
9620,4.005280697445975
9621,3.821856152343828
9622,3.5155350157970937
9623,3.950543174175485
9624,4.1642158938376985
9625,3.9703455290728784
9626,4.376928106801755
9627,4.144620071043814
9628,4.028264623061527
9629,3.790715412036762
9630,4.024566352158055
9631,4.24150697115088
9632,3.8475194018049304
9633,4.530918366901706
9634,3.910207098637971
9635,2.2205725996402106
9636,3.6658953099940583
9637,3.1492441067436356
9638,3.9099024597559926
9639,4.052093050269015
9640,4.135270930719364
9641,4.278813441715669
9642,3.5856893600431134
9643,4.078183067696013
9644,3.946083196061694
9645,3.854321479835768
9646,4.757231918403106
9647,3.5248100551892114
9648,3.9485073928732746
9649,4.781583611562703
9650,3.5497546144909626
9651,4.0244737773047765
9652,3.8978579725224862
9653,3.9666251936842087
9654,3.96457891378302
9655,4.005380740506228
9656,3.934311328224741
9657,4.255619423112446
9658,4.131889676668737
9659,3.938707861138918
9660,4.211401940953102
9661,4.153810584075802
9662,4.143066279675424
9663,4.332565461808789
9664,4.351667323404288
9665,4.273515404451794
9666,4.03782387441182
9667,3.8083940481635015
9668,3.8638146427426574
9669,3.9593735153721945
9670,3.6224920577475004
9671,3.548002549065201
9672,3.3186397597951043
9673,4.149613524728768
9674,3.211844665614135
9675,3.6121224565160044
9676,4.205219032950155
9677,2.756545411890485
9678,4.092874436966728
9679,3.838773067867425
9680,4.213379652284921
9681,4.24212256374438
9682,3.9785859613923367
9683,4.494003600136844
9684,4.425938275437245
9685,3.9968249965546705
9686,4.119169950635006
9687,3.8251200391706726
9688,4.282255865844012
9689,4.224869466569194
9690,2.973916762392328
9691,4.485036936474054
9692,4.006337678050893
9693,4.039708666897014
9694,3.9050565552794088
9695,3.681460718745475
9696,3.7229268815128465
9697,4.645872217893731
9698,3.803451518927339
9699,3.6710221514439714
9700,4.4402967255208745
9701,3.6232925562926805
9702,4.091771123341207
9703,3.2945535951231713
9704,2.5903173258869243
9705,4.826631704598834
9706,4.044376707278319
9707,4.40610172966982
9708,3.4457215544490682
9709,3.897014975705481
9710,4.1556062412624515
9711,4.798839217287978
9712,3.088151983934457
9713,4.152991072667582
9714,3.748828731031812
9715,3.7316484701298633
9716,3.855964002597023
9717,3.813681390395473
9718,3.5315297814392417
9719,4.475348256290284
9720,3.8923730101529213
9721,3.983831664529667
9722,4.213644579105473
9723,3.467172941837832
9724,4.299796981871739
9725,3.7436621734698936
9726,2.711940938738477
9727,3.0097010208857657
9728,3.225183976130861
9729,3.2266148720488412
9730,3.956961534345341
9731,4.098509805212414
9732,4.169306286531709
9733,3.9123710616837077
9734,3.832490003000057
9735,4.109029174161894
9736,3.6193363344791756
9737,3.842560191942718
9738,4.04697818853629
9739,3.81193481633143
9740,4.6352294623429176
9741,4.134154043120016
9742,3.4881579057613448
9743,3.3191204931183997
9744,3.8060854667336343
9745,3.9487507974668064
9746,3.850167930153751
9747,3.8251292208881718
9748,4.338017882266894
9749,4.212680677532162
9750,2.4803634397936354
9751,4.061722750351962
9752,4.1787015678879795
9753,3.6838512432217843
9754,4.3356219604248984
9755,3.5739727542016158
9756,4.291851572147483
9757,4.359569125654608
9758,3.7050622909778945
9759,4.25711062133627
9760,3.8298111963467742
9761,4.244082269389801
9762,4.331139559172175
9763,4.532628526526962
9764,3.8464733011997496
9765,3.8110474445019964
9766,3.2618901808259024
9767,4.068636857828745
9768,4.077193989118413
9769,3.4528293731896462
9770,4.487941300668566
9771,3.7817811245525097
9772,3.6260248865726705
9773,3.30796669170954
9774,3.234834458645038
9775,3.1357120797030618
9776,4.030620367432179
9777,3.8921696609926357
9778,3.8920882236501693
9779,4.231214905206675
9780,3.8386625054940904
9781,4.132285637067853
9782,3.870825752192532
9783,3.895044901057348
9784,3.7862270511831304
9785,4.013765763708616
9786,3.3589241326917616
9787,3.3930256805377295
9788,3.4339074731488
9789,4.32465904316675
9790,4.2840822145651485
9791,3.5201395920260423
9792,3.7614220588257705
9793,2.9271913266216885
9794,4.124722800746038
9795,4.338278033562908
9796,3.4760874170979696
9797,3.790632537219974
9798,4.181644472717484
9799,4.1429167060536045
9800,3.825608135175933
9801,3.7703726899240118
9802,4.208534757387507
9803,4.156696556605293
9804,4.0733159487342485
9805,3.649015999911574
9806,4.704179801417992
9807,4.351741691830569
9808,4.210512340620917
9809,4.235091699892409
9810,4.276871089398554
9811,3.5450260716781745
9812,4.323733773622294
9813,3.9805872896725467
9814,3.5840842046644497
9815,3.9052908830445605
9816,3.758215930274316
9817,4.011379834401666
9818,3.9526225357376856
9819,4.102496334417627
9820,3.6291713654610973
9821,3.748294269472878
9822,4.08203025407758
9823,3.328704559829484
9824,3.3662337665690085
9825,4.253343521906768
9826,3.8341543268861664
9827,4.0328505058988835
9828,4.168323082573186
9829,4.004499491605021
9830,3.693572710923322
9831,4.295817411706314
9832,4.073194461989803
9833,3.9374332545877997
9834,4.78898047211537
9835,4.308676895433713
9836,3.992218699619505
9837,3.9472285194413446
9838,4.5231890410542155
9839,3.1345471710122674
9840,4.422027325444129
9841,3.331443180971984
9842,4.05497256798822
9843,4.309031026336521
9844,4.126316604787141
9845,4.0401587639096554
9846,3.5645550581463987
9847,3.4595805484285322
9848,4.241847910071549
9849,4.124168450368594
9850,4.627050657188005
9851,4.368598740787756
9852,4.356436979822161
9853,3.281470950268036
9854,3.128795651793368
9855,3.79530353956333
9856,4.133830511977244
9857,4.177765584445189
9858,3.7689115725495714
9859,4.2425041705386315
9860,3.8596876905532738
9861,4.206714998210672
9862,4.168930800686462
9863,4.1365168216357295
9864,3.8639054040373186
9865,4.182631510556209
9866,3.0491374579554904
9867,3.7779105204606402
9868,3.4731569343038675
9869,4.053519938152683
9870,4.219170014080768
9871,4.212455842969976
9872,4.119295333684266
9873,3.3470024064412285
9874,4.255679325912896
9875,4.502056748836817
9876,3.590615977749661
9877,4.226042253265877
9878,4.730995683287113
9879,3.889166770845872
9880,4.272582931821042
9881,4.089541344019035
9882,3.814246392357021
9883,3.566837308002009
9884,4.335754172037316
9885,4.150542912860421
9886,3.6666671425404385
9887,4.30483846841307
9888,4.155172285876855
9889,3.8318264392421266
9890,4.3185587455903445
9891,3.4880320105589355
9892,4.211863546311037
9893,4.486323209343378
9894,4.066553789769899
9895,4.179941769104985
9896,4.090541585365824
9897,3.9730282389913776
9898,3.5345788134901945
9899,4.2877801249822385
9900,3.573343149852006
9901,3.687797403813208
9902,3.2315490226931924
9903,4.10137143184745
9904,2.610271821646739
9905,4.069901704881851
9906,4.103085489451405
9907,4.2839521088238675
9908,4.316567858420371
9909,3.9512775106434606
9910,4.433678341494978
9911,3.4596740856537758
9912,4.479376268033019
9913,4.247174738991046
9914,3.8113408637205484
9915,4.47464893730726
9916,4.124411234689883
9917,2.9222279048494038
9918,3.9058367153055307
9919,4.192241609847942
9920,3.764299352793674
9921,4.11125458720739
9922,3.4222673745953647
9923,4.305791652038956
9924,3.6066793916262356
9925,3.976332394893577
9926,3.5334104555914863
9927,3.88484143914598
9928,3.624316682093396
9929,4.067137628080181
9930,4.135207157650022
9931,3.868637670340713
9932,3.8497694338989343
9933,3.904074716266177
9934,3.43408523343229
9935,2.5588411409938576
9936,4.007457633496838
9937,4.258817057277766
9938,4.521767982011634
9939,3.752916871714445
9940,4.144529941985167
9941,3.372711095963357
9942,3.620456416468272
9943,3.978620173310876
9944,3.774016966638463
9945,4.78592435766061
9946,2.7500951291429785
9947,4.07886374181696
9948,3.117213481823633
9949,4.479163421269034
9950,3.6871652117974816
9951,3.7064579962878366
9952,4.224120747583188
9953,4.067798162138643
9954,2.5265336039961306
9955,4.049229118455034
9956,4.366401556637374
9957,4.292691412685421
9958,3.990978153390363
9959,4.40929111536802
9960,3.6854037988763975
9961,4.329349454315978
9962,4.095427369058822
9963,2.6721432891288335
9964,4.075813780602333
9965,4.0482866226573915
9966,3.8202917582690845
9967,4.261194475181584
9968,3.7675673582872697
9969,4.482206689068394
9970,2.71098216438476
9971,3.9673244345275207
9972,4.404053198647433
9973,3.536792025716346
9974,3.544531002978079
9975,4.246234743272552
9976,3.7379733792588596
9977,4.190625837885039
9978,2.7221274899041283
9979,3.9285108125008867
9980,4.2289249926008035
9981,3.9622213529322026
9982,4.193839144976542
9983,3.9928560993170756
9984,3.6210228353865688
9985,4.2228107757607845
9986,3.434292754690723
9987,4.293333288285395
9988,3.596657551791725
9989,2.572692315595502
9990,4.405505835667694
9991,3.806089052885276
9992,3.6404698168432224
9993,3.8447164539802885
9994,3.5360944832155266
9995,3.788658876875688
9996,4.382358688238287
9997,4.292365182536899
9998,3.972239163622554
9999,3.883013012228871
10000,4.2558248431459935
10001,4.373485298937939
10002,3.8367005045585607
10003,3.9095192712421762
10004,3.823222423697041
10005,3.6769846788502965
10006,3.899667321642512
10007,2.32471668542613
10008,3.957165489219468
10009,4.356491741108603
10010,3.7491848379885275
10011,3.650571799640513
10012,4.167207283328133
10013,3.7020070792235535
10014,3.643986828025549
10015,4.214765270922921
10016,3.3659047602025622
10017,3.7087465975373424
10018,3.0134092064960867
10019,2.870841282306692
10020,3.904635220717596
10021,4.293072814822563
10022,4.371275397319445
10023,4.055368689769644
10024,3.509864354661033
10025,3.7727361477501264
10026,4.1635843808137425
10027,3.4555354302588532
10028,3.825385614056428
10029,4.454740702936762
10030,3.8297058061718467
10031,3.6092228073814625
10032,3.5234261480936575
10033,3.8845392898752213
10034,4.082390422326045
10035,3.991046863004309
10036,3.7521946062407943
10037,4.299971683780312
10038,3.5353978820534953
10039,4.1573108687175555
10040,4.20513914194634
10041,4.491153896123147
10042,3.811118530188
10043,4.123520451140993
10044,4.561372819197067
10045,4.035340871962345
10046,4.56450011992218
10047,3.5270843519411983
10048,4.128525988166732
10049,4.260028184885937
10050,3.163673870670648
10051,4.136660964196361
10052,4.129894788281249
10053,4.100065034681923
10054,2.639271634028779
10055,3.192414909358727
10056,4.4124935205815214
10057,3.845635438978258
10058,4.480327893939976
10059,3.6085049706010466
10060,4.039597435751631
10061,4.240325722166607
10062,3.9447311812514023
10063,3.905435127126655
10064,3.82829739114486
10065,3.5047784618903743
10066,3.927810297802997
10067,3.9125283097037644
10068,3.822364981086377
10069,3.7558264406897983
10070,3.8281030364824367
10071,4.25707424935269
10072,3.8276547883615586
10073,3.9607254182406577
10074,3.994018587982026
10075,3.91595672737914
10076,4.127257324732052
10077,4.08997123423903
10078,3.896251685146485
10079,3.972060581390085
10080,3.895558287841133
10081,3.9061087308785623
10082,4.401026953450287
10083,3.9157635107170066
10084,3.3985798231046185
10085,3.8672264419892763
10086,4.3719745342013185
10087,4.4256603356184
10088,4.30854593923884
10089,2.368052632045735
10090,3.763524906389744
10091,4.224128106055022
10092,3.9370302922070874
10093,3.8810300884696756
10094,3.9307798622143792
10095,4.266436097787772
10096,3.821435306419192
10097,3.7449376257617466
10098,4.600003202898643
10099,3.858587594233407
10100,3.5495085943856206
10101,3.635861925143638
10102,4.581164901697941
10103,3.8890034996843936
10104,4.169974392916461
10105,3.940114676071957
10106,4.031327959964956
10107,3.683776575370757
10108,4.262044348070951
10109,3.9086635178743605
10110,4.245981563617502
10111,4.364209914367315
10112,4.111286380597979
10113,4.084830122462878
10114,2.9557997601651826
10115,4.334756984430794
10116,3.2121659989576514
10117,4.655724671748506
10118,3.886588697174829
10119,3.65875218221136
10120,3.7261743547443786
10121,4.139193397341024
10122,4.105201219004687
10123,3.697352037991538
10124,4.074768611590634
10125,3.478224623726252
10126,3.6239888440828056
10127,3.823502889128813
10128,3.6503327051695345
10129,4.042357725086608
10130,4.050979264913721
10131,4.268282482897788
10132,4.257211916024053
10133,3.6311775557064716
10134,3.5601866369374817
10135,3.734386606961234
10136,4.323741436622056
10137,2.7735715885196313
10138,3.9110705058766633
10139,4.084982467629418
10140,4.544363609188259
10141,4.000845242203383
10142,3.1706728063936445
10143,4.165343094350749
10144,3.870017376176067
10145,4.016692578331641
10146,4.0227561072989175
10147,4.583607600431603
10148,3.8535747266341676
10149,4.079380475024719
10150,3.213899048235074
10151,4.7052633994564275
10152,4.090382729647342
10153,3.6481791078446797
10154,3.825882340542607
10155,3.705688572114162
10156,3.9130473079320054
10157,3.9134360796230863
10158,4.165521586349482
10159,3.7383957515760358
10160,2.467826769722775
10161,4.091458949628744
10162,4.14759687120209
10163,4.147545750246213
10164,3.0184709335950903
10165,4.512349144788681
10166,3.722221694752188
10167,3.6587071739100754
10168,3.5838690338310517
10169,3.9881387790745335
10170,3.6445933788559812
10171,3.726968905685606
10172,4.082216039325753
10173,4.012635109347401
10174,4.031486414996247
10175,4.006143702444407
10176,3.514008474939881
10177,4.171715950149889
10178,3.697594305515586
10179,3.674865482248801
10180,4.1746128591716145
10181,3.904727483369742
10182,4.4316323317994035
10183,3.5962363454469792
10184,4.0242272483182076
10185,4.355731544414688
10186,4.349820009934045
10187,3.8616555858052792
10188,3.9745087028208967
10189,3.538141411566741
10190,4.3500570990473335
10191,3.6862964095229747
10192,3.8682311056422614
10193,4.261671579689414
10194,4.24398459883887
10195,4.243105317812302
10196,4.122595451579174
10197,4.415170657412766
10198,3.70977154136208
10199,3.689953557982685
10200,4.24598501802433
10201,4.290876055184164
10202,3.8285848476060664
10203,4.151615021037943
10204,4.351201435954326
10205,3.6934170664636956
10206,3.5219054347246943
10207,4.051021895554804
10208,4.215400111835897
10209,3.084202330448157
10210,3.2205594432333915
10211,3.91567889650895
10212,4.006204783096489
10213,4.163909395419933
10214,3.9798742811806798
10215,3.9982714095166862
10216,3.5619320836618833
10217,3.810758051794315
10218,4.363754629871666
10219,3.988002573517633
10220,4.2380130894768655
10221,3.8191762742119586
10222,4.064499879308056
10223,3.583118607998879
10224,3.527103967773959
10225,3.916231433828339
10226,3.8515271702824525
10227,3.6876875868892154
10228,3.4982313274468733
10229,3.75310195163582
10230,4.001903656785668
10231,3.9420187782351745
10232,4.162275097775048
10233,3.7306491269393605
10234,3.9067918092971556
10235,3.158617856740438
10236,4.843317389059248
10237,3.2713456169908
10238,3.8439458598314022
10239,4.05639507090396
10240,2.6520456904769314
10241,3.8809362118126
10242,3.9667456002555332
10243,3.9281825818502334
10244,3.864500443765983
10245,4.187223448822825
10246,4.465060144686892
10247,4.345385104969702
10248,3.6212763926225553
10249,4.151054298976152
10250,3.657450676032466
10251,3.9013796948292936
10252,4.068377969925127
10253,4.022241650369074
10254,3.720839977508595
10255,4.201176623814962
10256,3.6993072964449856
10257,4.115258259248647
10258,4.345891889040118
10259,3.898380425830984
10260,4.151402897056494
10261,3.7872597661377227
10262,3.881660317248538
10263,2.885571352729139
10264,4.266577000601018
10265,3.805775247268149
10266,3.953149722847247
10267,3.7343296755575732
10268,4.080235559121249
10269,4.332492650533318
10270,3.091316978743995
10271,3.017776828211572
10272,4.289268016144544
10273,4.0199222390402
10274,4.028577841706867
10275,3.7035837961945988
10276,4.243852476661838
10277,4.32818731149239
10278,4.4167036770186705
10279,4.032020597738009
10280,4.157519838105007
10281,4.33841022244048
10282,3.709731451148936
10283,3.8032061230408583
10284,4.325523834239993
10285,4.817608095899931
10286,4.526385213089255
10287,3.0125041031523794
10288,3.9231035770741087
10289,4.137335312024251
10290,3.5899801463939016
10291,4.092126862083438
10292,4.223327517694989
10293,3.8138983874514096
10294,3.699073816065868
10295,4.241288269916766
10296,4.4576420312579
10297,3.6695378295598164
10298,3.489798511224913
10299,4.124248517078626
10300,3.9519451211940635
10301,4.21892499871251
10302,4.238498600920401
10303,3.466899233289079
10304,4.163504732562534
10305,4.059913381065564
10306,3.6239835963441838
10307,3.9307477504892887
10308,4.11301773631731
10309,3.9400961126187366
10310,2.867148564612266
10311,3.975246026954314
10312,3.441239953838309
10313,3.6352940582559694
10314,4.4874106282686315
10315,3.954077955161981
10316,4.037788234185531
10317,3.979908775444526
10318,3.6502788007165328
10319,4.196164015365906
10320,3.8368626783133393
10321,4.0045982402618945
10322,4.133685547879568
10323,4.173790401010112
10324,4.159469853889134
10325,3.7710750407593703
10326,3.76777666187238
10327,3.8917013164061367
10328,4.026565978517034
10329,3.4220774095645794
10330,3.8130876503672417
10331,4.073546615023587
10332,4.059083669890687
10333,3.8391991853607124
10334,3.6833247293247084
10335,4.419179154031579
10336,4.077303348257297
10337,4.28306562494219
10338,2.9705616332509415
10339,4.532214623689858
10340,3.9966294638788944
10341,4.533077131381785
10342,3.899206627130549
10343,4.41086085979881
10344,3.172160404358685
10345,3.352747517702065
10346,3.5909760211346327
10347,3.981560561922578
10348,3.4473427438355113
10349,4.300912528770901
10350,3.4470070992807975
10351,3.7747096537519518
10352,4.0669588608493115
10353,3.3463459354342278
10354,4.239667070897604
10355,3.743333645775556
10356,2.7996936194090254
10357,3.916816394095932
10358,4.228474014727593
10359,3.2424622637813005
10360,3.8631573752555215
10361,3.780345652390181
10362,3.541112872611508
10363,3.9862830994034044
10364,3.884000480915556
10365,4.031276018235691
10366,2.892503691309919
10367,3.497427188511527
10368,3.604975002221451
10369,3.811783334553264
10370,4.293917895090032
10371,3.7144313492345247
10372,4.321035800222911
10373,4.176090033013569
10374,3.8726568206028347
10375,4.1051700244938845
10376,3.861742454458297
10377,4.334526538255087
10378,3.2315637152648797
10379,4.146005126802474
10380,4.300003443085027
10381,4.412460366035037
10382,3.9857256683803968
10383,4.233053397153286
10384,3.829025246848339
10385,3.938520612711534
10386,3.599340936106824
10387,4.793204547800261
10388,3.692676791025274
10389,4.147355190407391
10390,2.8252637433913947
10391,2.996830193563447
10392,3.497122822521989
10393,4.159140452618392
10394,4.093046753162633
10395,3.804779284114758
10396,4.167704938387745
10397,4.172133761286816
10398,2.381410825879008
10399,3.2247906206502406
10400,4.129045779380978
10401,4.515941927102328
10402,4.300507325502167
10403,4.5202958884787625
10404,4.2472657041892115
10405,4.260710966071417
10406,4.20198044619396
10407,3.433771254989239
10408,3.47331516276323
10409,4.044092911256123
10410,3.8763171711346303
10411,4.03383149437605
10412,3.7905503676990517
10413,3.648204279389249
10414,4.108278576565419
10415,3.6976661563396966
10416,3.6611471915388134
10417,2.402928523420488
10418,4.312249327336963
10419,3.566357380683394
10420,3.9782804215194845
10421,3.757949746988183
10422,3.5603514742272506
10423,3.8864923704593237
10424,4.129693559965839
10425,3.527185189559095
10426,3.5886320939800656
10427,4.5163906019386815
10428,2.340340683178175
10429,4.0846546459703355
10430,3.940230903180462
10431,3.82287321967002
10432,4.263096614458733
10433,4.419780215468351
10434,4.187251435656421
10435,4.084175112255056
10436,4.695893153846183
10437,3.7810313083637994
10438,4.149139989160331
10439,3.7437575778625436
10440,3.844657405523303
10441,3.835128359940951
10442,4.023873528012415
10443,4.078709695234753
10444,3.337028523297164
10445,4.034813944256929
10446,3.8953775641473776
10447,3.9557575849538544
10448,4.163907639815794
10449,4.480576245356502
10450,4.310313444922091
10451,3.8762278462912776
10452,4.078671680278411
10453,3.582545524784937
10454,4.364036404910872
10455,3.848424322501971
10456,4.130954050788294
10457,4.546987422655976
10458,4.621734924753965
10459,4.327449369094935
10460,4.447429337907998
10461,4.064688118553001
10462,3.618424046827849
10463,3.9378951777305127
10464,3.0823561974960367
10465,4.091922091282632
10466,4.164693469414746
10467,3.741418562726958
10468,3.996565773018188
10469,3.97844800890624
10470,4.174668544086607
10471,3.747113175807772
10472,4.27381041258337
10473,4.314807032970662
10474,3.4676387248146057
10475,3.8985754773401635
10476,3.5446495988254783
10477,4.153388746246482
10478,3.962024358363561
10479,4.653550829652764
10480,3.9551982094646885
10481,4.051822451973486
10482,3.80608645518754
10483,4.483495434794395
10484,4.384255140286798
10485,3.967163438081434
10486,3.973469181532826
10487,3.208088842104287
10488,3.9771859979198307
10489,4.095621143636492
10490,3.932157061267178
10491,3.9924358531164454
10492,4.053278755829802
10493,3.6022096844953935
10494,3.8172189752289136
10495,4.190184445016457
10496,4.228759703664431
10497,3.8543168545547672
10498,4.109956416917757
10499,3.83129194297751
10500,4.041731454366008
10501,3.807927935979343
10502,3.9684869591656344
10503,4.172651168209605
10504,4.284658995076797
10505,4.392344551147928
10506,3.7436471910796576
10507,4.320945355115763
10508,3.8992125921731016
10509,3.366552254764642
10510,3.5722653477318844
10511,3.2863125330664005
10512,4.2065662126513805
10513,3.1240634887979204
10514,3.965632287098968
10515,4.203737942465494
10516,3.84056405353463
10517,4.197675367072403
10518,3.9321819510458607
10519,4.0742631870261645
10520,4.129398513601671
10521,4.334664697908489
10522,3.9683733483762587
10523,3.7427379314976505
10524,4.264352319018957
10525,3.6757160072397794
10526,4.041335578431666
10527,3.6016059198347086
10528,3.7161018281925124
10529,3.910747254621635
10530,4.674012874077896
10531,3.9078075689477205
10532,4.077006270028356
10533,3.2452513344752885
10534,4.234372865745719
10535,3.807619765552564
10536,3.4714868557849194
10537,3.355650170302129
10538,4.05301033739545
10539,4.779987719165965
10540,3.49987075339286
10541,3.2802985209587265
10542,3.8316756541880896
10543,4.1552308858477565
10544,4.223738461134624
10545,3.652379899892432
10546,4.459404609617099
10547,3.5794891250479943
10548,4.01631711775162
10549,4.065572790325748
10550,4.0898410966691126
10551,3.686806600524506
10552,3.773029255656772
10553,4.213960759175213
10554,4.492937619818464
10555,3.953852834409704
10556,3.2265080083623
10557,3.8129892028258827
10558,3.4038918479855886
10559,4.226901957430928
10560,3.267150086299578
10561,3.503868737899341
10562,2.469816596578356
10563,2.7026471754413475
10564,3.874720243021861
10565,3.461972239272736
10566,2.868466077670867
10567,4.25978958008125
10568,4.21780946387722
10569,3.8612718648959627
10570,3.294335190734803
10571,3.3904563985913367
10572,4.11386011359247
10573,4.014406827107922
10574,3.9690037705874137
10575,3.759406816700039
10576,3.773868835384402
10577,4.522045477508168
10578,3.3727262892012617
10579,3.5986490558706277
10580,3.2611859668134944
10581,3.4441896586730203
10582,3.355503379630807
10583,4.151565518305163
10584,3.6750888139025846
10585,4.054823067643465
10586,3.7499358978816715
10587,4.187538195001412
10588,4.118597328724892
10589,3.6908027712063016
10590,3.836224796214817
10591,4.5535413101029345
10592,3.8315011432869603
10593,3.632570588246809
10594,4.206987066153726
10595,4.442421512863047
10596,4.1629472436793575
10597,4.282101434809085
10598,3.617814156781666
10599,3.565587441658345
10600,3.9915530532487793
10601,4.049388327681517
10602,4.267881058412932
10603,4.0006992381193
10604,4.281690141519793
10605,4.030559248971661
10606,3.532338503508998
10607,4.302840929169969
10608,3.9568680268255463
10609,4.207052722791263
10610,4.05320854622951
10611,3.7959420061423628
10612,4.212250397835565
10613,3.693971495397976
10614,4.154141663203796
10615,3.689984307398053
10616,2.811268790630266
10617,3.6912836654828958
10618,3.714227213053338
10619,3.5914259196397453
10620,4.540063031548839
10621,4.026774522561774
10622,4.0045605862695846
10623,3.661989558073151
10624,3.1486204468001944
10625,3.9061846409277403
10626,3.552260271905523
10627,4.168890182885438
10628,4.281506807352405
10629,4.0496944897889255
10630,4.074205706160387
10631,3.332347184234891
10632,3.9995624316388825
10633,3.981363133376403
10634,4.444629820396677
10635,4.19333522909103
10636,3.5332240581515606
10637,4.3202041415404295
10638,4.166030343007814
10639,3.0590104761199384
10640,4.303860466617244
10641,4.021598510095392
10642,3.2559375962597983
10643,3.518897522080618
10644,4.261578197840983
10645,3.8177690607663464
10646,3.656201021059483
10647,4.225589631673525
10648,4.119668548077289
10649,3.9247273051739904
10650,4.24541706867636
10651,4.021114898873212
10652,3.072143164506326
10653,3.8850492814030404
10654,2.90572574615641
10655,3.5047237433793286
10656,4.288780885416518
10657,3.951487956572066
10658,4.219998191183955
10659,3.608332665719486
10660,4.30148057613788
10661,3.859980605308152
10662,3.936373374629176
10663,4.111020532436938
10664,4.2153762171933
10665,2.6577818635459036
10666,3.719847045519018
10667,3.76089187800264
10668,4.08338581215546
10669,1.9915945286281656
10670,4.513736982670174
10671,3.420060292280315
10672,3.8149663702614727
10673,4.1316790344950185
10674,4.122502606438434
10675,3.68246977541907
10676,3.393080935307557
10677,4.588850686019665
10678,4.197126365599442
10679,3.875282122631786
10680,3.7079130760896084
10681,4.248941509204941
10682,3.871598016711689
10683,4.261246001657475
10684,4.028062748470131
10685,3.6172007315607337
10686,3.7766002154719165
10687,4.2155836901915
10688,2.1794008376999106
10689,3.586095284612702
10690,3.0567245317679164
10691,4.296905536729123
10692,4.424931301868018
10693,3.656834144060477
10694,3.600259368805016
10695,4.222326097938763
10696,3.861817850953612
10697,3.9648580425273896
10698,3.9086790924551225
10699,4.221753458656562
10700,4.051255122443266
10701,4.150721342678296
10702,3.9536974556492286
10703,4.011423764964584
10704,4.069918246831288
10705,3.9217175404930287
10706,4.045261989929823
10707,3.9043209153451954
10708,4.094449575808546
10709,4.503591289894872
10710,3.6512695851655597
10711,3.6830093667852952
10712,2.573014904059275
10713,3.764772184028866
10714,3.828702231199467
10715,3.9111843848220196
10716,4.93732619721315
10717,4.000808455114322
10718,3.915807782062471
10719,4.032835141611084
10720,3.8337381426647674
10721,3.853419816735199
10722,3.9646323933908287
10723,3.839353946224355
10724,2.806935815941461
10725,3.8222861144762983
10726,4.5132903599262315
10727,3.9133435897666122
10728,3.8676360411532507
10729,3.6299812390936714
10730,4.234867924948298
10731,3.8364517815820207
10732,4.3777774218348595
10733,3.0770914045320574
10734,3.8173343210789348
10735,4.183551392697049
10736,2.930416602575297
10737,3.7810738697753927
10738,4.287027070303648
10739,4.2839516408584375
10740,4.0990276719224275
10741,2.8823181790864134
10742,3.616487839968166
10743,3.829024633462751
10744,4.251810016018189
10745,2.306420806721305
10746,4.2494261219123155
10747,4.2860680871442725
10748,4.089280360746454
10749,3.9637113716369328
10750,4.019994473260114
10751,3.802700560926873
10752,4.3195444229890585
10753,4.392906930905405
10754,3.914358937475066
10755,3.959525525211918
10756,3.9592462829797075
10757,4.125602770136118
10758,3.5027705782760683
10759,4.089604735416812
10760,3.8432386223495754
10761,4.0375894908680126
10762,3.3759781093806507
10763,3.8889057271950356
10764,4.336465910011349
10765,3.940840579467208
10766,3.658221261839126
10767,4.630170967310568
10768,4.43033995981296
10769,4.128921732151636
10770,2.217942410488293
10771,3.960810876665862
10772,3.6211683963253196
10773,4.163555489900506
10774,3.7518361204796107
10775,3.579343571342308
10776,3.6197782542346975
10777,4.579884355300563
10778,4.15284320128383
10779,3.4843351788084966
10780,3.890562350614545
10781,3.451559132396739
10782,4.053073461258574
10783,4.146406731151115
10784,3.685566317657608
10785,3.3927940560765983
10786,4.102516638227343
10787,4.701349993014538
10788,4.344114861453279
10789,3.5702951081878957
10790,3.8344683206804384
10791,3.5314345862013687
10792,4.237466589465064
10793,3.5992560368979576
10794,3.9180396501750407
10795,4.061047611340517
10796,3.2273659952148575
10797,2.4963022957410392
10798,3.8315104754026983
10799,3.633089531502178
10800,4.309286431471812
10801,3.5699501800706224
10802,3.515077046832092
10803,4.073883764126282
10804,3.6258182965030303
10805,4.157384729607798
10806,3.9573572981375182
10807,3.599518469721444
10808,3.5637306460421367
10809,4.097821939421277
10810,3.9880719058603975
10811,4.2081524345512324
10812,4.463259911629584
10813,3.9078492578868773
10814,4.017282692343934
10815,4.208427258160865
10816,4.427482995969588
10817,3.8597071292667766
10818,2.7731754824456303
10819,4.282058654541966
10820,3.6238552220397207
10821,3.792764611031315
10822,4.361164005784506
10823,4.37312308829419
10824,4.769442011741108
10825,3.7650991898147694
10826,3.882400116967824
10827,3.8926558052730225
10828,3.742333384781142
10829,4.257017491801752
10830,3.6450833830941587
10831,4.013825506654214
10832,3.8731390740933787
10833,4.216882411925485
10834,2.668704954630393
10835,3.483866084811669
10836,3.7563369077581377
10837,4.110195956834452
10838,3.455812027099737
10839,3.7570751431701512
10840,4.129349706555664
10841,4.48566069182993
10842,3.784178774745625
10843,3.740335169712735
10844,4.1499421610229374
10845,4.077653762539539
10846,2.466713579044527
10847,3.8964526361982883
10848,3.4831085402803805
10849,4.069706763307191
10850,4.010272690329448
10851,3.8542056143907915
10852,3.85432422421431
10853,4.250284350162575
10854,2.519819525837933
10855,3.865689146941019
10856,4.260290761480675
10857,4.028664615663013
10858,4.180580931297004
10859,4.1166792097613305
10860,4.177417068542412
10861,4.160681190934061
10862,3.8159924221954626
10863,3.6912439822579994
10864,3.9763107862448663
10865,3.745347121337114
10866,4.5282509829141455
10867,3.9417759491466335
10868,3.522579820154503
10869,3.6382282344112
10870,3.9355395530693826
10871,3.933138734637081
10872,3.507836384475864
10873,4.301573256856556
10874,3.55962352318326
10875,4.280126420556467
10876,3.7571268141705993
10877,3.8867910236987373
10878,4.494403301155309
10879,3.773302478851337
10880,4.00555943166382
10881,3.8245387795637504
10882,4.2797350506215235
10883,4.527446153142225
10884,4.7633322142192895
10885,4.08907937962507
10886,4.106533798608159
10887,3.6141871478734466
10888,3.5020100927885447
10889,4.1255514962828945
10890,2.8178196430932494
10891,4.472592597932695
10892,4.251394731041075
10893,4.172910296813786
10894,3.79813208511149
10895,4.485332592442201
10896,4.166505776507806
10897,3.8235395873879656
10898,3.635991091057406
10899,3.44636690742769
10900,4.094961703560682
10901,4.203132685948323
10902,4.065934167614926
10903,3.944784680064677
10904,3.843493569612017
10905,3.5724499822996894
10906,3.495927444377932
10907,3.80332970622309
10908,4.094506559103897
10909,3.7574939345880494
10910,4.677768426275936
10911,3.9970434396493233
10912,3.7122358798349304
10913,4.0111774843883685
10914,4.311933959549948
10915,3.7410997232222107
10916,4.079617028004372
10917,4.392778524628745
10918,3.479251959987332
10919,3.706285049655786
10920,3.9611460056710412
10921,3.2812112823598025
10922,4.0653972546913515
10923,4.123841874844256
10924,3.9181663575681416
10925,4.013194171531475
10926,2.5566086712217184
10927,3.682147665640025
10928,3.906216320890662
10929,4.318648403141968
10930,4.23810492452393
10931,3.9504109410184864
10932,3.8948053731227508
10933,3.4038431564103337
10934,4.09152478453269
10935,2.9112749551700006
10936,4.095587756744865
10937,3.7676504253050234
10938,3.2536905284617323
10939,4.693741552046231
10940,3.910030984847799
10941,3.8827419643363137
10942,3.878283494220586
10943,3.737343865030674
10944,2.9779180685468116
10945,2.623424860992523
10946,3.937168547745029
10947,4.346383162544899
10948,3.8676724681275636
10949,4.471849718922509
10950,4.0932516978801
10951,3.8729803914435323
10952,4.100365399305757
10953,3.8285939308079833
10954,3.7951175439538276
10955,3.869072812610669
10956,3.64645890845385
10957,3.9912627485695347
10958,4.379557878248374
10959,4.157149601599363
10960,4.174521667715844
10961,4.155077288008258
10962,3.9761199913581033
10963,3.4787010121556947
10964,4.249711564609093
10965,3.4972814405763892
10966,4.030492363971497
10967,3.9941605890097143
10968,4.809441955788339
